1016,3
1016,2
1016,1
1016,0
1015,35
793,4
793,3
793,2
793,1
793,0
789,5
789,4
789,3
789,2
789,1
789,0
788,4
788,3
788,2
788,1
788,0
787,4
787,3
787,2
787,1
787,0
773,4
773,3
773,2
773,1
773,0
772,5
772,4
772,3
772,2
772,1
772,0
770,3
10,120
770,2
770,1
770,0
10,100
768,3
768,1
424,5
10,166
424,4
424,1
10,308
413,6
10,84
413,5
413,1
10,276
404,4
404,1
10,246
338,15
11,10
11,8
338,12
338,1
8,16
8,17
193,10
193,1
188,40
188,39
188,38
188,37
188,36
188,35
188,22
188,21
188,17
188,12
188,1
142,10
142,9
142,1
20,2
20,1
13,9
13,8
12,3
20,3
12,2
12,1
11,27
11,26
11,25
11,24
11,23
11,22
11,19
11,18
11,17
11,16
11,13
11,12
11,6
11,5
11,4
11,3
11,2
11,1
19,2
19,1
10,286
19,3
10,281
10,254
10,229
10,193
10,188
10,145
10,127
10,123
10,114
10,94
10,92
10,77
18,1
10,66
18,3
14,1
10,27
14,95
10,18
10,3
14,3
10,2
13,1
10,1
9,7
9,6
9,5
9,4
9,3
9,2
13,4
9,1
8,15
13,3
8,14
8,12
8,10
8,9
8,8
8,7
8,6
8,5
8,4
8,3
8,2
8,1
3,3
3,2
3,1
2,3
2,2
2,1
0,0
1015,34
1015,33
1015,32
1015,31
1015,30
1015,29
1015,28
1015,27
1015,26
1015,25
1015,24
1015,23
1015,22
1015,21
1015,20
1015,19
1015,18
1015,17
1015,16
1015,15
1015,14
1015,13
1015,12
1015,11
1015,10
1015,9
1015,8
1015,7
1015,6
1015,5
1015,4
1015,3
1015,2
1015,0
